((("return" .
   [0 0 1 0 0 0])
  ("end" .
   [1 0 0])
  ("t_path" .
   [1 0 0 0 0 0])
  ("prev" .
   [2 0 0 0])
  ("tail" .
   [2 0 0 0])
  ("c" .
   [1])
  ("move_ants" .
   [1 0 0 0 1 0 0 0 0])
  ("n_ants" .
   [0 0 2 0 0 0])
  ("lagging_ants" .
   [0 0 0 0 0 0 0 1 0 0 0 0])
  ("a" .
   [2])
  ("send_ants" .
   [1 0 0 0 0 0 0 0 0])
  ("next" .
   [5 0 0 0])
  ("centi" .
   [3 0 0 0 0])
  ("dim" .
   [4 0 0])
  ("node" .
   [10 0 0 0])
  ("name" .
   [2 0 1 0])
  ("path" .
   [16 0 0 0])
  ("ants" .
   [8 0 0 0])
  ("ant" .
   [13 0 0])
  ("data" .
   [9 0 0 0])
  ("t_data" .
   [3 0 0 0 0 0])
  ("mat" .
   [4 0 0])
  ("conj" .
   [21 0 0 0])
  ("t_map" .
   [3 0 0 0 0])
  ("ft_solution" .
   [0 0 0 0 0 1 0 0 0 0 0])
  ("use-package" .
   [0 0 0 0 0 0 0 0 0 0 1])
  (":ensure" .
   [1 0 0 0 0 0 0])
  ("ft_printf" .
   [2 0 3 0 0 0 0 0 0])
  ("aux_r" .
   [1 0 0 0 0])
  ("max" .
   [2 0 0])
  ("row" .
   [2 0 0])))
